19 0.49921875 0.41875 0.05859375 0.08515625
10 0.45703125 0.45859375 0.0328125 0.05703125
13 0.44609375 0.53046875 0.0515625 0.07421875
13 0.6203125 0.4671875 0.0546875 0.0734375
13 0.45703125 0.36640625 0.0546875 0.0703125
0 0.421875 0.4046875 0.03671875 0.046875
0 0.5859375 0.4171875 0.03671875 0.04609375
0 0.48828125 0.58046875 0.0296875 0.046875
15 0.4765625 0.3078125 0.05 0.07109375
15 0.3453125 0.48203125 0.053125 0.0703125
15 0.52109375 0.61015625 0.04921875 0.06640625
16 0.48828125 0.72109375 0.0453125 0.06484375
12 0.43359375 0.69765625 0.0390625 0.0703125
12 0.3453125 0.63125 0.04296875 0.065625
12 0.290625 0.3546875 0.0421875 0.06796875
12 0.7078125 0.5546875 0.03828125 0.06953125
12 0.5640625 0.21328125 0.03828125 0.06484375
12 0.6515625 0.278125 0.04296875 0.06875
14 0.325 0.30859375 0.0375 0.05546875
14 0.3328125 0.4078125 0.0421875 0.0546875
14 0.3984375 0.67109375 0.03671875 0.05625
14 0.67421875 0.6171875 0.040625 0.0546875
14 0.66484375 0.51796875 0.04453125 0.0515625
14 0.6 0.25390625 0.0453125 0.05390625
4 0.378125 0.26875 0.0484375 0.059375
4 0.61953125 0.64375 0.0453125 0.0609375
4 0.3125 0.57578125 0.040625 0.059375
8 0.25703125 0.41171875 0.05390625 0.065625
8 0.73984375 0.5046875 0.04453125 0.0671875
5 0.65390625 0.5796875 0.02421875 0.040625
5 0.3796875 0.61328125 0.02421875 0.03984375
5 0.34609375 0.33828125 0.02578125 0.0421875
5 0.6203125 0.30703125 0.02421875 0.046875
9 0.4453125 0.62578125 0.0359375 0.0484375
6 0.5546875 0.29921875 0.034375 0.04140625
6 0.64296875 0.3875 0.040625 0.0390625
6 0.4234375 0.32109375 0.034375 0.04140625
6 0.35625 0.5421875 0.034375 0.0375
6 0.575 0.60703125 0.03046875 0.034375
17 0.41171875 0.50546875 0.03046875 0.04140625
17 0.51171875 0.3421875 0.0328125 0.04453125
17 0.57734375 0.5171875 0.0296875 0.0453125
2 0.653125 0.42578125 0.03359375 0.06953125
2 0.5859375 0.33671875 0.03984375 0.0703125
2 0.3890625 0.359375 0.03671875 0.06875
2 0.41171875 0.55703125 0.0375 0.06015625
2 0.60859375 0.53515625 0.0359375 0.071875
20 0.54296875 0.53984375 0.0375 0.06953125
20 0.38046875 0.440625 0.0375 0.06875
20 0.55390625 0.37578125 0.03828125 0.06796875
4 0.68515625 0.3359375 0.0453125 0.0640625
3 0.44375 0.23515625 0.03359375 0.04296875
3 0.26953125 0.52109375 0.02890625 0.0390625
3 0.5546875 0.69609375 0.02734375 0.0375
18 0.51015625 0.209375 0.04375 0.05546875
7 0.4984375 0.4984375 0.05234375 0.07265625
3 0.728125 0.4109375 0.0328125 0.04609375