9 0.534375 0.05859375 0.03125 0.06796875
9 0.478125 0.03203125 0.03125 0.06171875
12 0.43125 0.09375 0.03984375 0.09296875
12 0.3953125 0.18671875 0.0390625 0.10078125
12 0.34921875 0.26171875 0.0390625 0.090625
12 0.30234375 0.3359375 0.03828125 0.0921875
12 0.46875 0.815625 0.03359375 0.0890625
12 0.52578125 0.8171875 0.03359375 0.08984375
14 0.43359375 0.7640625 0.0390625 0.07734375
14 0.39765625 0.70390625 0.0375 0.07578125
14 0.3421875 0.67578125 0.0375 0.07578125
14 0.56484375 0.7671875 0.0390625 0.075
14 0.60234375 0.70390625 0.0375 0.0796875
14 0.66796875 0.66015625 0.0390625 0.08046875
3 0.65625 0.54453125 0.0265625 0.06015625
3 0.7109375 0.45546875 0.03046875 0.059375
3 0.33125 0.55703125 0.0296875 0.05703125
3 0.275 0.46875 0.03046875 0.0546875
4 0.57109375 0.13203125 0.04140625 0.09453125
8 0.61015625 0.18984375 0.04140625 0.096875
16 0.68515625 0.325 0.03984375 0.0890625
20 0.49765625 0.1390625 0.03359375 0.090625
20 0.609375 0.59765625 0.03203125 0.08359375
20 0.38671875 0.59375 0.03046875 0.078125
2 0.37890625 0.4796875 0.02890625 0.084375
2 0.4140625 0.2640625 0.03046875 0.08359375
2 0.58203125 0.26875 0.03203125 0.090625
2 0.61015625 0.46796875 0.03203125 0.09140625
2 0.4984375 0.73359375 0.0296875 0.090625
6 0.5359375 0.690625 0.025 0.0609375
6 0.46015625 0.69765625 0.03125 0.059375
6 0.34140625 0.41015625 0.0328125 0.06328125
6 0.65546875 0.409375 0.028125 0.05859375
6 0.5359375 0.2171875 0.03203125 0.06640625
17 0.54453125 0.34609375 0.028125 0.05859375
17 0.4515625 0.34296875 0.0296875 0.06171875
17 0.46015625 0.4765625 0.02890625 0.06875
17 0.53515625 0.48203125 0.03203125 0.06171875
1 0.4984375 0.5171875 0.0234375 0.07265625
19 0.49765625 0.40078125 0.0546875 0.1203125
7 0.4984375 0.6171875 0.040625 0.1015625
15 0.378125 0.34140625 0.0390625 0.09375
15 0.5625 0.63828125 0.040625 0.09296875
15 0.4328125 0.63828125 0.03984375 0.090625
13 0.4703125 0.57578125 0.03828125 0.0921875
13 0.5265625 0.57421875 0.03828125 0.09140625
13 0.61953125 0.334375 0.03671875 0.096875
10 0.57265625 0.41015625 0.0359375 0.0921875
0 0.5734375 0.5375 0.03046875 0.06875
0 0.421875 0.53359375 0.03046875 0.06796875
0 0.4984375 0.26640625 0.02734375 0.075
5 0.4609375 0.91484375 0.02578125 0.0625
5 0.4984375 0.94296875 0.021875 0.05234375
5 0.534375 0.9125 0.02421875 0.06484375
5 0.49765625 0.88125 0.0203125 0.0515625
18 0.4234375 0.87109375 0.03671875 0.07890625
11 0.571875 0.87578125 0.0296875 0.06171875