19 0.5 0.371875 0.05 0.1234375
17 0.5453125 0.415625 0.03515625 0.06796875
17 0.58125 0.59296875 0.03515625 0.075
17 0.41953125 0.59140625 0.03046875 0.06953125
17 0.45546875 0.41328125 0.0296875 0.06953125
6 0.384375 0.6515625 0.03671875 0.06875
6 0.45546875 0.76875 0.0359375 0.0703125
6 0.6171875 0.6546875 0.034375 0.065625
6 0.4546875 0.24453125 0.03515625 0.07109375
6 0.54453125 0.23984375 0.034375 0.08203125
2 0.5796875 0.42890625 0.03203125 0.096875
2 0.41875 0.42578125 0.0328125 0.09140625
2 0.35625 0.4421875 0.03203125 0.08984375
2 0.49921875 0.703125 0.03203125 0.10390625
2 0.64375 0.440625 0.034375 0.09921875
0 0.5 0.27578125 0.028125 0.07578125
0 0.52734375 0.55625 0.0265625 0.06875
0 0.471875 0.55625 0.02890625 0.0734375
14 0.3484375 0.58828125 0.03671875 0.078125
14 0.32265625 0.51328125 0.03984375 0.078125
14 0.65390625 0.58671875 0.03671875 0.07734375
14 0.67265625 0.50078125 0.03515625 0.0796875
14 0.64609375 0.253125 0.0375 0.08203125
14 0.3484375 0.26640625 0.03984375 0.0796875
12 0.3015625 0.328125 0.03828125 0.09453125
12 0.26640625 0.41640625 0.0375 0.0984375
12 0.36484375 0.72265625 0.03828125 0.09296875
12 0.634375 0.725 0.03515625 0.0875
12 0.7234375 0.40234375 0.0375 0.1015625
12 0.6890625 0.31328125 0.03671875 0.09765625
20 0.41953125 0.6875 0.03125 0.10234375
20 0.58046875 0.68984375 0.034375 0.10390625
20 0.5 0.82734375 0.03125 0.09609375
9 0.54453125 0.6421875 0.03125 0.07890625
9 0.45546875 0.63984375 0.03046875 0.08125
3 0.39296875 0.18515625 0.03046875 0.06015625
3 0.446875 0.096875 0.03203125 0.06484375
3 0.553125 0.09765625 0.0265625 0.06171875
3 0.59765625 0.1671875 0.02578125 0.05703125
5 0.41953125 0.30625 0.021875 0.05625
5 0.38359375 0.36484375 0.02109375 0.0609375
5 0.58125 0.3078125 0.02109375 0.0625
5 0.61640625 0.3640625 0.0203125 0.065625
8 0.5984375 0.80703125 0.0421875 0.10546875
4 0.40078125 0.81640625 0.0375 0.09921875
16 0.4453125 0.8890625 0.03984375 0.0953125
18 0.55390625 0.89140625 0.03984375 0.08046875
11 0.5015625 0.959375 0.04296875 0.06640625
13 0.4640625 0.33203125 0.0453125 0.09296875
13 0.44609375 0.50625 0.0421875 0.09296875
13 0.3921875 0.5078125 0.04296875 0.0921875
15 0.55390625 0.509375 0.04140625 0.0984375
15 0.60859375 0.509375 0.0421875 0.1
15 0.53671875 0.33671875 0.04140625 0.0921875
10 0.5 0.5 0.034375 0.08359375
7 0.5 0.59375 0.040625 0.1015625
1 0.47421875 0.4578125 0.0265625 0.06875