19 0.471875 0.4578125 0.06015625 0.1375
7 0.4140625 0.40859375 0.046875 0.10703125
1 0.39375 0.4640625 0.0234375 0.08359375
10 0.41484375 0.50703125 0.0390625 0.0984375
0 0.45078125 0.57890625 0.034375 0.07890625
0 0.5625 0.46953125 0.03125 0.071875
0 0.45234375 0.35234375 0.028125 0.07421875
17 0.5140625 0.39140625 0.03125 0.06328125
17 0.5125 0.553125 0.02734375 0.0625
17 0.334375 0.48828125 0.02734375 0.0609375
17 0.621875 0.47421875 0.0296875 0.06796875
6 0.6609375 0.4140625 0.0296875 0.0671875
6 0.4046875 0.28046875 0.034375 0.06328125
6 0.3046875 0.40625 0.0296875 0.05859375
6 0.30625 0.53984375 0.034375 0.0546875
6 0.40390625 0.66640625 0.03125 0.0609375
15 0.50234375 0.65703125 0.04375 0.10546875
15 0.50234375 0.27109375 0.0453125 0.10234375
15 0.5828125 0.27265625 0.0453125 0.1015625
13 0.5828125 0.3953125 0.04453125 0.09765625
13 0.58125 0.52578125 0.0453125 0.09765625
13 0.603125 0.62109375 0.04453125 0.10703125
2 0.3640625 0.5828125 0.03515625 0.09609375
2 0.5421875 0.58046875 0.03359375 0.09375
2 0.54375 0.32578125 0.03984375 0.09453125
2 0.36484375 0.32734375 0.03125 0.09453125
2 0.69921875 0.45234375 0.03515625 0.09609375
20 0.26640625 0.46796875 0.0359375 0.084375
20 0.453125 0.7375 0.03359375 0.08828125
20 0.45390625 0.19296875 0.03203125 0.084375
14 0.5421875 0.2109375 0.0375 0.08359375
14 0.50234375 0.15 0.03828125 0.0859375
14 0.4546875 0.06796875 0.04375 0.08359375
14 0.41484375 0.13203125 0.04140625 0.07578125
14 0.365625 0.2125 0.040625 0.075
14 0.31640625 0.25859375 0.04375 0.07578125
12 0.265625 0.32734375 0.0359375 0.09765625
12 0.22421875 0.39296875 0.040625 0.10234375
12 0.21640625 0.50703125 0.0359375 0.0984375
12 0.25625 0.57109375 0.04140625 0.09765625
12 0.30390625 0.6515625 0.04140625 0.09609375
12 0.3546875 0.72890625 0.0390625 0.09921875
3 0.4046875 0.80859375 0.028125 0.0625
3 0.5015625 0.81015625 0.0296875 0.05859375
3 0.5609375 0.71328125 0.02421875 0.0625
11 0.6515625 0.68515625 0.0359375 0.06640625
18 0.69921875 0.59765625 0.0359375 0.07421875
16 0.7484375 0.5140625 0.040625 0.103125
5 0.78828125 0.46796875 0.0234375 0.06015625
5 0.17734375 0.46640625 0.02578125 0.0640625
5 0.0609375 0.46875 0.02265625 0.0578125
5 0.52109375 0.06796875 0.0265625 0.06484375
5 0.5609375 0.1296875 0.02578125 0.0625
4 0.68828125 0.31484375 0.04140625 0.1
8 0.73984375 0.38671875 0.0421875 0.10703125
9 0.6421875 0.2421875 0.034375 0.090625
9 0.603125 0.178125 0.03359375 0.08984375