6 0.7375 0.22578125 0.04375 0.0796875
6 0.77421875 0.28671875 0.0421875 0.0765625
6 0.81484375 0.35546875 0.03671875 0.06953125
6 0.853125 0.4171875 0.040625 0.078125
6 0.89375 0.48125 0.03515625 0.0640625
20 0.85390625 0.52578125 0.034375 0.1015625
20 0.81484375 0.5890625 0.034375 0.10625
20 0.775 0.65 0.0359375 0.10390625
3 0.8046875 0.4765625 0.028125 0.06015625
3 0.76484375 0.4140625 0.03359375 0.0625
0 0.7359375 0.7234375 0.03203125 0.0734375
0 0.69609375 0.78828125 0.03046875 0.0765625
0 0.6578125 0.85 0.0328125 0.0734375
17 0.60859375 0.93671875 0.03359375 0.06640625
3 0.45078125 0.92109375 0.03125 0.05859375
14 0.3640625 0.915625 0.04296875 0.08203125
14 0.325 0.85078125 0.0421875 0.075
14 0.28828125 0.78984375 0.03828125 0.078125
14 0.2484375 0.7234375 0.0390625 0.0765625
14 0.209375 0.66015625 0.0390625 0.0828125
9 0.2859375 0.66171875 0.03359375 0.07421875
9 0.2484375 0.5984375 0.03203125 0.0703125
15 0.1296875 0.52734375 0.04453125 0.1046875
15 0.16796875 0.59140625 0.05078125 0.11328125
15 0.20859375 0.52890625 0.04375 0.11171875
13 0.12890625 0.396875 0.0484375 0.10625
13 0.08984375 0.46328125 0.04921875 0.10078125
13 0.16875 0.46328125 0.04609375 0.1046875
0 0.2078125 0.3953125 0.03203125 0.07421875
12 0.16796875 0.33359375 0.040625 0.09765625
12 0.20703125 0.26953125 0.0453125 0.1
12 0.24609375 0.203125 0.0421875 0.096875
12 0.28515625 0.14375 0.0421875 0.1015625
12 0.32421875 0.07734375 0.0390625 0.0984375
16 0.246875 0.3390625 0.04296875 0.10234375
11 0.325 0.22265625 0.03515625 0.06796875
18 0.3625 0.153125 0.03984375 0.0875
8 0.40234375 0.075 0.04609375 0.10625
5 0.64765625 0.18359375 0.021875 0.06328125
5 0.61875 0.1359375 0.0265625 0.06484375
5 0.5890625 0.08828125 0.02421875 0.065625
5 0.559375 0.040625 0.0265625 0.0609375
2 0.69765625 0.1390625 0.0359375 0.10390625
2 0.6578125 0.07421875 0.0359375 0.1046875