19 0.5 0.4578125 0.05703125 0.1328125
1 0.4734375 0.5453125 0.02890625 0.065625
17 0.42578125 0.45703125 0.02734375 0.0578125
17 0.57578125 0.4546875 0.028125 0.05859375
17 0.5859375 0.65078125 0.0265625 0.0609375
17 0.41640625 0.65390625 0.02421875 0.05859375
6 0.53828125 0.27578125 0.03046875 0.05859375
6 0.36953125 0.6125 0.0359375 0.059375
6 0.45234375 0.71484375 0.03203125 0.0546875
6 0.54765625 0.71875 0.03359375 0.059375
6 0.63046875 0.6109375 0.03359375 0.06171875
2 0.61328125 0.4984375 0.03203125 0.09453125
2 0.6046875 0.39140625 0.03359375 0.09140625
2 0.39609375 0.39140625 0.0328125 0.09453125
2 0.5 0.77265625 0.03359375 0.0875
20 0.50078125 0.203125 0.034375 0.0953125
20 0.67890625 0.4015625 0.0328125 0.090625
20 0.32265625 0.403125 0.0328125 0.0875
10 0.36015625 0.45859375 0.03515625 0.090625
2 0.38828125 0.4953125 0.03359375 0.08828125
11 0.303125 0.534375 0.03203125 0.06328125
12 0.265625 0.45546875 0.0390625 0.09296875
12 0.2734375 0.34921875 0.04140625 0.09921875
12 0.321875 0.27109375 0.03828125 0.09296875
12 0.36796875 0.19296875 0.03828125 0.09375
12 0.425 0.19453125 0.03671875 0.096875
12 0.50078125 0.046875 0.03828125 0.09296875
14 0.47265625 0.1296875 0.03359375 0.08125
14 0.53046875 0.1328125 0.03984375 0.084375
14 0.57578125 0.20546875 0.034375 0.07734375
14 0.63359375 0.2078125 0.0359375 0.084375
14 0.68125 0.28671875 0.040625 0.08359375
14 0.72890625 0.3625 0.03828125 0.08046875
9 0.74453125 0.45 0.03203125 0.08203125
9 0.69765625 0.52734375 0.03125 0.0859375
5 0.76328125 0.5265625 0.02421875 0.0625
5 0.72578125 0.5859375 0.02265625 0.059375
5 0.26640625 0.5734375 0.02734375 0.059375
5 0.22890625 0.51171875 0.02421875 0.0625
16 0.3125 0.63046875 0.04140625 0.09921875
8 0.359375 0.6984375 0.04296875 0.10703125
3 0.415625 0.7921875 0.02890625 0.04921875
3 0.4625 0.8671875 0.02734375 0.05234375
3 0.5390625 0.86953125 0.0296875 0.046875
3 0.5859375 0.79140625 0.02890625 0.05390625
15 0.39765625 0.2765625 0.04375 0.09921875
15 0.36015625 0.34140625 0.04296875 0.09296875
15 0.62265625 0.31171875 0.04296875 0.1
13 0.64296875 0.45859375 0.04296875 0.09921875
13 0.46328125 0.38046875 0.04609375 0.09921875
13 0.5484375 0.36953125 0.04375 0.1
0 0.5 0.32734375 0.0265625 0.0640625
0 0.4546875 0.5859375 0.028125 0.06796875
0 0.546875 0.5859375 0.02734375 0.0671875
7 0.50078125 0.6234375 0.04375 0.1078125
18 0.6890625 0.63671875 0.0375 0.07734375
4 0.49921875 0.92890625 0.0421875 0.09375