19 0.50078125 0.50546875 0.05703125 0.13984375
7 0.5015625 0.38671875 0.046875 0.1125
1 0.47109375 0.4328125 0.028125 0.06171875
0 0.53046875 0.35078125 0.028125 0.0703125
0 0.4703125 0.35078125 0.02890625 0.0703125
0 0.5 0.65703125 0.03203125 0.0734375
17 0.58984375 0.51171875 0.0296875 0.0703125
17 0.41171875 0.5203125 0.03203125 0.0609375
17 0.42265625 0.309375 0.034375 0.06640625
17 0.57890625 0.30703125 0.034375 0.0609375
9 0.7078125 0.35390625 0.034375 0.0828125
9 0.29296875 0.35390625 0.03046875 0.0796875
6 0.46015625 0.24765625 0.03515625 0.0703125
6 0.53984375 0.24453125 0.034375 0.0703125
6 0.58984375 0.6484375 0.034375 0.0640625
6 0.4109375 0.64765625 0.03359375 0.0625
6 0.46015625 0.72578125 0.03515625 0.06328125
2 0.50234375 0.8015625 0.03359375 0.096875
2 0.32265625 0.38203125 0.03515625 0.09609375
2 0.4015625 0.41953125 0.03515625 0.09453125
2 0.6 0.4203125 0.034375 0.09765625
2 0.6765625 0.38828125 0.03515625 0.10078125
20 0.5 0.17421875 0.034375 0.09453125
20 0.35234375 0.4796875 0.0328125 0.0859375
20 0.6484375 0.48125 0.03515625 0.0859375
18 0.71875 0.534375 0.034375 0.0703125
11 0.67890625 0.6328125 0.0328125 0.06640625
3 0.6390625 0.7125 0.0328125 0.0640625
3 0.58828125 0.82421875 0.0296875 0.06171875
3 0.4125 0.8234375 0.03046875 0.0546875
3 0.3609375 0.7125 0.0328125 0.06171875
8 0.81640625 0.3578125 0.04765625 0.1171875
4 0.70859375 0.21796875 0.04609375 0.09921875
16 0.75703125 0.30234375 0.0453125 0.103125
12 0.64921875 0.27734375 0.0421875 0.10078125
12 0.6 0.19453125 0.0421875 0.103125
12 0.55078125 0.11640625 0.0421875 0.10546875
12 0.45078125 0.11875 0.04296875 0.096875
12 0.4 0.19375 0.03984375 0.103125
12 0.49921875 0.046875 0.04296875 0.09296875
14 0.353125 0.2921875 0.0390625 0.08828125
14 0.2734375 0.25703125 0.04296875 0.0828125
14 0.2234375 0.3375 0.0375 0.084375
14 0.2359375 0.45390625 0.04140625 0.08671875
14 0.2859375 0.53046875 0.04296875 0.0859375
14 0.3265625 0.6296875 0.03828125 0.0875
5 0.45 0.8796875 0.02578125 0.06328125
5 0.47890625 0.92890625 0.02265625 0.06328125
5 0.5203125 0.9265625 0.0234375 0.06328125
5 0.54921875 0.88203125 0.02265625 0.06171875
5 0.50078125 0.95859375 0.01875 0.05234375
15 0.45234375 0.5734375 0.04765625 0.1078125
15 0.5515625 0.57421875 0.04609375 0.1078125
15 0.62734375 0.571875 0.04296875 0.0984375
13 0.37265625 0.5703125 0.04296875 0.10390625
13 0.38203125 0.3609375 0.04296875 0.10625
13 0.62109375 0.36015625 0.04765625 0.1046875
10 0.5015625 0.29375 0.0375 0.0984375