17 0.22734375 0.39296875 0.02734375 0.05390625
17 0.2609375 0.340625 0.0265625 0.06171875
17 0.2921875 0.2875 0.02734375 0.05390625
17 0.325 0.23515625 0.0265625 0.05703125
0 0.35703125 0.17734375 0.0265625 0.06171875
0 0.38828125 0.12421875 0.0265625 0.06328125
0 0.42109375 0.071875 0.0234375 0.06015625
12 0.4875 0.065625 0.03203125 0.08203125
12 0.45390625 0.11796875 0.03203125 0.08125
12 0.421875 0.1703125 0.03125 0.078125
12 0.2921875 0.38359375 0.03125 0.078125
12 0.26015625 0.4359375 0.03125 0.078125
13 0.2265625 0.48828125 0.03359375 0.0796875
13 0.26015625 0.646875 0.0390625 0.08515625
13 0.22890625 0.59296875 0.03828125 0.08203125
13 0.1953125 0.54375 0.034375 0.084375
5 0.28359375 0.49296875 0.01796875 0.046875
5 0.26875 0.5203125 0.01953125 0.04921875
5 0.25078125 0.54609375 0.01640625 0.0421875
5 0.28515625 0.5984375 0.01796875 0.04921875
5 0.26796875 0.5703125 0.01796875 0.0484375
15 0.3578125 0.8125 0.03671875 0.08984375
15 0.32578125 0.7546875 0.03671875 0.0828125
15 0.29296875 0.7015625 0.0359375 0.08359375
14 0.43046875 0.9296875 0.03671875 0.0671875
10 0.49609375 0.928125 0.03125 0.059375
10 0.3890625 0.8578125 0.0359375 0.07578125
6 0.56015625 0.9359375 0.03125 0.05625
6 0.5921875 0.88359375 0.0296875 0.05078125
6 0.625 0.8328125 0.0296875 0.05859375
6 0.65703125 0.77890625 0.0296875 0.0578125
6 0.68984375 0.7234375 0.0296875 0.05859375
1 0.60078125 0.77265625 0.021875 0.05859375
16 0.625 0.7171875 0.034375 0.07734375
11 0.65703125 0.67109375 0.02734375 0.05625
18 0.6890625 0.61015625 0.03203125 0.0671875
20 0.7234375 0.66328125 0.0296875 0.07890625
20 0.7546875 0.6109375 0.0296875 0.0765625
20 0.78671875 0.56015625 0.02734375 0.07890625
8 0.7546875 0.49453125 0.03515625 0.08515625
4 0.71328125 0.434375 0.0390625 0.08046875
3 0.81875 0.49921875 0.02578125 0.0484375
3 0.7796875 0.43515625 0.02578125 0.05078125
3 0.73828125 0.3671875 0.02421875 0.04765625
3 0.69921875 0.303125 0.0296875 0.05078125
2 0.665625 0.2203125 0.0296875 0.0828125
2 0.63359375 0.1671875 0.03046875 0.090625
2 0.60078125 0.1125 0.0296875 0.08671875
2 0.56796875 0.06171875 0.03046875 0.0875
9 0.56015625 0.16171875 0.028125 0.06640625
9 0.52734375 0.11015625 0.02578125 0.075