2 0.53984375 0.26328125 0.03671875 0.09765625
2 0.465625 0.26015625 0.034375 0.084375
2 0.58515625 0.51484375 0.0328125 0.0921875
2 0.4203125 0.515625 0.03125 0.08828125
2 0.54765625 0.71875 0.03203125 0.096875
10 0.50390625 0.653125 0.03828125 0.09453125
0 0.446875 0.6 0.03125 0.071875
0 0.5578125 0.60078125 0.03203125 0.06796875
0 0.5390625 0.3953125 0.0265625 0.07265625
17 0.584375 0.678125 0.03046875 0.0609375
17 0.421875 0.68125 0.0265625 0.05859375
17 0.440625 0.44140625 0.0296875 0.0609375
17 0.56640625 0.4421875 0.028125 0.0578125
5 0.484375 0.02734375 0.021875 0.0546875
5 0.52109375 0.03046875 0.02265625 0.06015625
5 0.25859375 0.5125 0.02734375 0.06171875
4 0.503125 0.0953125 0.0390625 0.0890625
3 0.44921875 0.18046875 0.03125 0.05703125
3 0.39453125 0.26875 0.03046875 0.053125
3 0.55703125 0.18125 0.0296875 0.05703125
3 0.61015625 0.26796875 0.02578125 0.0578125
14 0.359375 0.33671875 0.03828125 0.071875
14 0.32421875 0.3921875 0.0390625 0.07265625
14 0.296875 0.46796875 0.03828125 0.0796875
14 0.2875 0.57265625 0.0359375 0.07421875
14 0.3328125 0.64375 0.0390625 0.08125
14 0.3796875 0.71953125 0.0375 0.07734375
12 0.73046875 0.55078125 0.034375 0.09140625
12 0.684375 0.621875 0.03515625 0.09140625
12 0.63828125 0.696875 0.03515625 0.08828125
12 0.59296875 0.76953125 0.03515625 0.08671875
12 0.5484375 0.84375 0.03203125 0.0890625
12 0.503125 0.9171875 0.0359375 0.0890625
9 0.4578125 0.8578125 0.02890625 0.06484375
9 0.42109375 0.79765625 0.03125 0.06171875
6 0.4578125 0.7421875 0.03359375 0.0625
6 0.6203125 0.621875 0.03203125 0.05703125
6 0.38515625 0.62265625 0.03203125 0.0578125
6 0.35859375 0.4609375 0.03125 0.053125
6 0.64765625 0.4640625 0.0328125 0.05703125
20 0.61171875 0.38984375 0.0328125 0.0890625
20 0.39453125 0.39296875 0.03125 0.08359375
20 0.503125 0.80703125 0.03125 0.08125
1 0.5046875 0.4359375 0.025 0.05703125
19 0.50390625 0.51796875 0.05234375 0.12421875
7 0.503125 0.32109375 0.04296875 0.09765625
15 0.43125 0.33125 0.04140625 0.09609375
15 0.57578125 0.33125 0.04140625 0.09609375
15 0.6109375 0.478125 0.04140625 0.0890625
13 0.39453125 0.47578125 0.0421875 0.0921875
13 0.33203125 0.52109375 0.0453125 0.0921875
13 0.67734375 0.51640625 0.04453125 0.0921875
16 0.71171875 0.46484375 0.0390625 0.08984375
8 0.6484375 0.31953125 0.04140625 0.0984375
18 0.4484375 0.07265625 0.040625 0.078125
11 0.55703125 0.07734375 0.034375 0.07265625