12 0.1125 0.503125 0.040625 0.08984375
12 0.15 0.44140625 0.0375 0.08984375
12 0.1875 0.37890625 0.03671875 0.0875
12 0.2234375 0.321875 0.03828125 0.08828125
12 0.15078125 0.5640625 0.0390625 0.090625
12 0.1875 0.6234375 0.04140625 0.08984375
14 0.33828125 0.87578125 0.0375 0.07890625
14 0.3015625 0.81796875 0.0375 0.08046875
14 0.26484375 0.75546875 0.03828125 0.0765625
14 0.2265625 0.69453125 0.03828125 0.075
14 0.22734375 0.57265625 0.03828125 0.07421875
14 0.1890625 0.51484375 0.040625 0.0796875
9 0.225 0.44921875 0.0296875 0.075
9 0.26015625 0.390625 0.03125 0.07890625
10 0.3 0.32734375 0.0375 0.09921875
13 0.26171875 0.2640625 0.04609375 0.0953125
13 0.30078125 0.20390625 0.04609375 0.1015625
13 0.33828125 0.14140625 0.04375 0.09609375
15 0.3734375 0.08828125 0.04296875 0.09609375
15 0.4125 0.03515625 0.04921875 0.06953125
1 0.5046875 0.1375 0.025 0.06796875
3 0.35546875 0.26171875 0.0296875 0.05859375
3 0.40078125 0.18671875 0.02890625 0.0578125
3 0.44765625 0.10859375 0.03125 0.06015625
3 0.49453125 0.0328125 0.028125 0.0515625
4 0.53984375 0.08359375 0.03671875 0.0921875
8 0.578125 0.1359375 0.03984375 0.1
2 0.615625 0.07734375 0.034375 0.09453125
2 0.653125 0.134375 0.034375 0.09609375
2 0.690625 0.196875 0.03359375 0.09453125
2 0.72734375 0.2578125 0.03515625 0.09453125
16 0.653125 0.265625 0.03671875 0.09296875
11 0.68984375 0.3375 0.03125 0.06015625
18 0.72734375 0.39140625 0.03671875 0.0734375
0 0.76484375 0.32890625 0.028125 0.0671875
0 0.8015625 0.390625 0.02890625 0.06875
0 0.8390625 0.4515625 0.02578125 0.06640625
5 0.7640625 0.43515625 0.02109375 0.06015625
5 0.7453125 0.4671875 0.02109375 0.05859375
5 0.76484375 0.496875 0.021875 0.05859375
5 0.80234375 0.496875 0.02109375 0.0578125
5 0.7828125 0.4640625 0.01875 0.0578125
20 0.8390625 0.56640625 0.0328125 0.09375
20 0.8015625 0.6328125 0.03359375 0.08828125
20 0.765625 0.69296875 0.03515625 0.08984375
17 0.728125 0.76015625 0.02890625 0.05859375
17 0.68984375 0.8171875 0.028125 0.0578125
17 0.65546875 0.88046875 0.03046875 0.05859375
17 0.615625 0.9390625 0.02890625 0.065625